0 0 0
0.0999579 0.0102104 0
0.199919 0.0402032 0
0.299877 0.0902049 0
0.399828 0.160215 0
0.499765 0.250235 0
0.599683 0.360264 0
0.699584 0.490297 0
0.799496 0.640315 0
0.899456 0.810302 0
1 1 0
0 0 1
0.0995515 0.012184 1
0.199107 0.0422275 1
0.298646 0.092251 1
0.398098 0.162369 1
0.4974 0.252587 1
0.596505 0.362896 1
0.695494 0.493203 1
0.794777 0.643262 1
0.895426 0.812579 1
1 1 1
0 0 2
0.0991674 0.0139545 2
0.198302 0.0442241 2
0.297411 0.0942906 2
0.396358 0.164518 2
0.49502 0.254932 2
0.59335 0.365483 2
0.691624 0.495934 2
0.790809 0.645756 2
0.892708 0.81416 2
1 1 2
0 0 3
0.0988013 0.0155615 3
0.197506 0.0461801 3
0.296174 0.0963207 3
0.394609 0.166662 3
0.492636 0.25726 3
0.590259 0.367996 3
0.688046 0.498454 3
0.787448 0.64789 3
0.890596 0.81542 3
1 1 3
0 0 4
0.0984498 0.0170352 4
0.196721 0.0480884 4
0.294938 0.0983376 4
0.392854 0.168797 4
0.490261 0.25956 4
0.587267 0.370414 4
0.684755 0.500775 4
0.78453 0.649764 4
0.88884 0.81649 4
1 1 4
0 0 5
0.0981101 0.0183989 5
0.195948 0.0499458 5
0.293703 0.100338 5
0.391097 0.170919 5
0.487909 0.261821 5
0.584389 0.372731 5
0.681719 0.502922 5
0.781941 0.651446 5
0.887322 0.81743 5
1 1 5
0 0 6
0.0977802 0.0196704 6
0.195187 0.0517516 6
0.292472 0.102317 6
0.389342 0.173022 6
0.48559 0.264036 6
0.58163 0.374947 6
0.678904 0.504921 6
0.779607 0.652979 6
0.885978 0.818277 6
1 1 6
0 0 7
0.0974583 0.0208641 7
0.194438 0.0535062 7
0.291245 0.104273 7
0.387595 0.175103 7
0.483312 0.2662 7
0.578986 0.377068 7
0.676278 0.506795 7
0.777476 0.654394 7
0.884767 0.819051 7
1 1 7
0 0 8
0.0971433 0.021991 8
0.193699 0.0552113 8
0.290026 0.106203 8
0.385859 0.177155 8
0.481081 0.268311 8
0.576453 0.3791 8
0.673816 0.508561 8
0.77551 0.655712 8
0.88366 0.819767 8
1 1 8
0 0 9
0.0968339 0.0230602 9
0.192971 0.0568684 9
0.288816 0.108104 9
0.384139 0.179177 9
0.478899 0.270367 9
0.574024 0.381049 9
0.671497 0.510234 9
0.773682 0.65695 9
0.882639 0.820436 9
1 1 9
0 0 10
0.0965293 0.0240791 10
0.192252 0.0584798 10
0.287615 0.109974 10
0.382438 0.181165 10
0.476768 0.272368 10
0.571691 0.382924 10
0.669303 0.511826 10
0.771972 0.658119 10
0.88169 0.821066 10
1 1 10
0 0 11
0.0962288 0.0250536 11
0.191543 0.0600474 11
0.286425 0.111812 11
0.380758 0.183117 11
0.474689 0.274317 11
0.569448 0.384729 11
0.66722 0.513346 11
0.770361 0.659229 11
0.880801 0.821662 11
1 1 11
0 0 12
0.0959319 0.0259886 12
0.190843 0.0615731 12
0.285247 0.113617 12
0.379102 0.185031 12
0.472661 0.276213 12
0.567289 0.38647 12
0.665235 0.514802 12
0.768839 0.660288 12
0.879963 0.822228 12
1 1 12
0 0 13
0.095638 0.0268882 13
0.19015 0.063059 13
0.284081 0.115387 13
0.377471 0.186907 13
0.470685 0.278058 13
0.565207 0.388152 13
0.66334 0.516201 13
0.767393 0.661301 13
0.879171 0.82277 13
1 1 13
0 0 14
0.0953468 0.0277558 14
0.189466 0.0645066 14
0.282929 0.117123 14
0.375866 0.188744 14
0.468758 0.279855 14
0.563197 0.389779 14
0.661525 0.517548 14
0.766017 0.662274 14
0.87842 0.823288 14
1 1 14
0 0 15
0.0950581 0.0285943 15
0.18879 0.0659178 15
0.281792 0.118824 15
0.374288 0.190542 15
0.46688 0.281604 15
0.561256 0.391355 15
0.659783 0.518847 15
0.764702 0.66321 15
0.877703 0.823786 15
1 1 15
0 0 16
0.0947715 0.0294061 16
0.18812 0.067294 16
0.280669 0.12049 16
0.372739 0.192301 16
0.465049 0.283308 16
0.559377 0.392884 16
0.658108 0.520104 16
0.763442 0.664112 16
0.877019 0.824266 16
1 1 16
0 0 17
0.0944869 0.0301933 17
0.187458 0.0686367 17
0.27956 0.122121 17
0.371217 0.194021 17
0.463263 0.284969 17
0.557559 0.394369 17
0.656495 0.52132 17
0.762234 0.664985 17
0.876363 0.82473 17
1 1 17
0 0 18
0.0942042 0.0309577 18
0.186804 0.069947 18
0.278467 0.123718 18
0.369723 0.195704 18
0.461523 0.286588 18
0.555797 0.395812 18
0.654939 0.5225 18
0.761072 0.66583 18
0.875734 0.825178 18
1 1 18
0 0 19
0.0939232 0.0317008 19
0.186156 0.0712264 19
0.277389 0.12528 19
0.368257 0.197348 19
0.459825 0.288167 19
0.554087 0.397215 19
0.653437 0.523645 19
0.759952 0.666649 19
0.875128 0.825612 19
1 1 19
0 0 20
0.093644 0.0324239 20
0.185515 0.0724758 20
0.276327 0.126809 20
0.366819 0.198956 20
0.458169 0.289706 20
0.552428 0.398581 20
0.651983 0.524757 20
0.758872 0.667444 20
0.874545 0.826033 20
1 1 20
0 0 21
0.0933663 0.0331282 21
0.184881 0.0736964 21
0.27528 0.128306 21
0.365409 0.200529 21
0.456553 0.291209 21
0.550817 0.399911 21
0.650577 0.52584 21
0.757829 0.668217 21
0.873983 0.826442 21
1 1 21
0 0 22
0.0930902 0.0338147 22
0.184253 0.0748891 22
0.274248 0.12977 22
0.364026 0.202066 22
0.454976 0.292676 22
0.54925 0.401208 22
0.649213 0.526894 22
0.75682 0.668968 22
0.873439 0.82684 22
1 1 22
0 0 23
0.0928157 0.0344844 23
0.183632 0.0760548 23
0.273231 0.131202 23
0.362669 0.203568 23
0.453436 0.294108 23
0.547727 0.402473 23
0.647891 0.527921 23
0.755843 0.6697 23
0.872913 0.827227 23
1 1 23
0 0 24
0.0925428 0.0351379 24
0.183018 0.0771945 24
0.27223 0.132603 24
0.361339 0.205038 24
0.451933 0.295507 24
0.546245 0.403707 24
0.646608 0.528923 24
0.754897 0.670414 24
0.872404 0.827605 24
1 1 24
0 0 25
0.0922715 0.0357761 25
0.18241 0.078309 25
0.271245 0.133974 25
0.360035 0.206475 25
0.450465 0.296874 25
0.544803 0.404912 25
0.645361 0.5299 25
0.753979 0.67111 25
0.871911 0.827973 25
1 1 25
0 0 26
0.0920017 0.0363996 26
0.181809 0.0793989 26
0.270274 0.135316 26
0.358756 0.207881 26
0.44903 0.298209 26
0.543397 0.406088 26
0.64415 0.530853 26
0.753087 0.671789 26
0.871432 0.828331 26
1 1 26
0 0 27
0.0917336 0.037009 27
0.181215 0.0804652 27
0.269318 0.136629 27
0.357502 0.209255 27
0.447629 0.299515 27
0.542028 0.407238 27
0.642972 0.531785 27
0.752222 0.672451 27
0.870968 0.828682 27
1 1 27
0 0 28
0.0914671 0.0376047 28
0.180627 0.0815084 28
0.268376 0.137914 28
0.356272 0.2106 28
0.446259 0.300792 28
0.540694 0.408362 28
0.641825 0.532695 28
0.75138 0.673099 28
0.870517 0.829024 28
1 1 28
0 0 29
0.0912023 0.0381874 29
0.180045 0.0825293 29
0.26745 0.139171 29
0.355066 0.211916 29
0.444921 0.30204 29
0.539392 0.409461 29
0.640709 0.533585 29
0.750562 0.673732 29
0.870078 0.829358 29
1 1 29
0 0 30
0.0909392 0.0387574 30
0.17947 0.0835284 30
0.266537 0.140402 30
0.353883 0.213204 30
0.443612 0.303262 30
0.538122 0.410536 30
0.639622 0.534455 30
0.749766 0.674351 30
0.869652 0.829685 30
1 1 30
0 0 31
0.0906779 0.0393152 31
0.178901 0.0845065 31
0.265639 0.141607 31
0.352722 0.214464 31
0.442332 0.304458 31
0.536884 0.411587 31
0.638563 0.535307 31
0.74899 0.674956 31
0.869236 0.830005 31
1 1 31
0 0 32
0.0904184 0.0398611 32
0.178339 0.085464 32
0.264755 0.142787 32
0.351584 0.215698 32
0.44108 0.305628 32
0.535674 0.412616 32
0.63753 0.53614 32
0.748235 0.675548 32
0.868832 0.830318 32
1 1 32
0 0 33
0.0901606 0.0403955 33
0.177783 0.0864016 33
0.263885 0.143942 33
0.350468 0.216906 33
0.439855 0.306773 33
0.534493 0.413624 33
0.636523 0.536955 33
0.747499 0.676128 33
0.868439 0.830624 33
1 1 33
0 0 34
0.0899047 0.0409188 34
0.177234 0.0873197 34
0.263028 0.145074 34
0.349373 0.218089 34
0.438656 0.307895 34
0.53334 0.41461 34
0.63554 0.537754 34
0.746782 0.676696 34
0.868055 0.830923 34
1 1 34
0 0 35
0.0896507 0.0414313 35
0.17669 0.088219 35
0.262184 0.146181 35
0.348298 0.219247 35
0.437483 0.308993 35
0.532213 0.415577 35
0.634582 0.538536 35
0.746082 0.677252 35
0.867681 0.831217 35
1 1 35
0 0 36
0.0893986 0.0419333 36
0.176153 0.0890998 36
0.261354 0.147267 36
0.347243 0.220381 36
0.436335 0.310069 36
0.531112 0.416523 36
0.633646 0.539302 36
0.7454 0.677796 36
0.867316 0.831504 36
1 1 36
0 0 37
0.0891485 0.042425 37
0.175623 0.0899627 37
0.260536 0.14833 37
0.346209 0.221493 37
0.435211 0.311123 37
0.530036 0.417451 37
0.632732 0.540053 37
0.744734 0.67833 37
0.86696 0.831786 37
1 1 37
0 0 38
0.0889003 0.0429068 38
0.175098 0.0908081 38
0.259732 0.149371 38
0.345193 0.222581 38
0.43411 0.312156 38
0.528983 0.418359 38
0.631839 0.540789 38
0.744083 0.678853 38
0.866613 0.832062 38
1 1 38
0 0 39
0.0886542 0.0433788 39
0.17458 0.0916365 39
0.258939 0.150392 39
0.344196 0.223648 39
0.433032 0.313168 39
0.527954 0.41925 39
0.630967 0.54151 39
0.743448 0.679366 39
0.866274 0.832333 39
1 1 39
0 0 40
0.0884101 0.0438414 40
0.174068 0.0924483 40
0.258159 0.151392 40
0.343218 0.224694 40
0.431977 0.31416 40
0.526948 0.420124 40
0.630115 0.542217 40
0.742828 0.679868 40
0.865943 0.832598 40
1 1 40
0 0 41
0.088168 0.0442948 41
0.173562 0.093244 41
0.257392 0.152372 41
0.342258 0.225719 41
0.430942 0.315133 41
0.525963 0.42098 41
0.629281 0.542911 41
0.742222 0.680361 41
0.86562 0.832858 41
1 1 41
0 0 42
0.087928 0.0447393 42
0.173062 0.0940238 42
0.256636 0.153332 42
0.341315 0.226723 42
0.429929 0.316087 42
0.525 0.42182 42
0.628467 0.543591 42
0.74163 0.680845 42
0.865304 0.833114 42
1 1 42
0 0 43
0.0876902 0.0451749 43
0.172569 0.0947883 43
0.255892 0.154274 43
0.340389 0.227708 43
0.428936 0.317022 43
0.524057 0.422644 43
0.62767 0.544258 43
0.741051 0.681319 43
0.864995 0.833364 43
1 1 43
0 0 44
0.0874544 0.045602 44
0.172081 0.0955377 44
0.255159 0.155197 44
0.339481 0.228674 44
0.427963 0.317939 44
0.523133 0.423452 44
0.626891 0.544912 44
0.740485 0.681784 44
0.864693 0.83361 44
1 1 44
0 0 45
0.0872208 0.0460208 45
0.171599 0.0962725 45
0.254438 0.156102 45
0.338588 0.229621 45
0.427009 0.318839 45
0.52223 0.424245 45
0.626129 0.545555 45
0.739932 0.682241 45
0.864398 0.833851 45
1 1 45
0 0 46
0.0869894 0.0464314 46
0.171123 0.0969929 46
0.253728 0.15699 46
0.337712 0.23055 46
0.426073 0.319722 46
0.521345 0.425023 46
0.625383 0.546185 46
0.739391 0.682689 46
0.86411 0.834087 46
1 1 46
0 0 47
0.0867602 0.0468341 47
0.170653 0.0976994 47
0.253029 0.15786 47
0.336851 0.231461 47
0.425156 0.320588 47
0.520478 0.425786 47
0.624653 0.546804 47
0.738861 0.683129 47
0.863827 0.834319 47
1 1 47
0 0 48
0.0865331 0.0472289 48
0.170189 0.0983922 48
0.252341 0.158714 48
0.336005 0.232355 48
0.424257 0.321438 48
0.519629 0.426536 48
0.623938 0.547411 48
0.738343 0.68356 48
0.863551 0.834547 48
1 1 48
0 0 49
0.0863082 0.0476162 49
0.169731 0.0990717 49
0.251663 0.159551 49
0.335175 0.233232 49
0.423376 0.322272 49
0.518797 0.427271 49
0.623238 0.548007 49
0.737836 0.683984 49
0.863281 0.834771 49
1 1 49
0 0 50
0.0860856 0.0479961 50
0.169278 0.0997382 50
0.250996 0.160373 50
0.334359 0.234092 50
0.422511 0.323091 50
0.517982 0.427993 50
0.622553 0.548592 50
0.737339 0.6844 50
0.863017 0.834991 50
1 1 50
0 0 51
0.0858651 0.0483687 51
0.168832 0.100392 51
0.250339 0.161178 51
0.333558 0.234937 51
0.421663 0.323894 51
0.517184 0.428702 51
0.621882 0.549167 51
0.736853 0.684809 51
0.862758 0.835206 51
1 1 51
0 0 52
0.0856469 0.0487342 52
0.168391 0.101033 52
0.249692 0.161969 52
0.332771 0.235765 52
0.42083 0.324683 52
0.516401 0.429398 52
0.621225 0.549731 52
0.736377 0.68521 52
0.862505 0.835418 52
1 1 52
0 0 53
0.0854309 0.0490928 53
0.167955 0.101663 53
0.249056 0.162745 53
0.331997 0.236578 53
0.420014 0.325457 53
0.515634 0.430082 53
0.620581 0.550286 53
0.735911 0.685604 53
0.862256 0.835626 53
1 1 53
0 0 54
0.0852171 0.0494445 54
0.167525 0.10228 54
0.248429 0.163506 54
0.331237 0.237377 54
0.419213 0.326218 54
0.514882 0.430753 54
0.61995 0.55083 54
0.735455 0.685991 54
0.862013 0.835831 54
1 1 54
0 0 55
0.0850056 0.0497897 55
0.167101 0.102886 55
0.247811 0.164253 55
0.33049 0.23816 55
0.418427 0.326965 55
0.514145 0.431413 55
0.619332 0.551365 55
0.735007 0.686372 55
0.861775 0.836031 55
1 1 55
0 0 56
0.0847963 0.0501284 56
0.166682 0.10348 56
0.247203 0.164986 56
0.329756 0.238929 56
0.417656 0.327698 56
0.513422 0.432061 56
0.618726 0.55189 56
0.734569 0.686745 56
0.861542 0.836229 56
1 1 56
0 0 57
0.0845892 0.0504607 57
0.166268 0.104063 57
0.246605 0.165706 57
0.329035 0.239685 57
0.416899 0.328418 57
0.512713 0.432697 57
0.618132 0.552406 57
0.73414 0.687113 57
0.861314 0.836423 57
1 1 57
0 0 58
0.0843844 0.0507868 58
0.16586 0.104636 58
0.246015 0.166412 58
0.328326 0.240426 58
0.416155 0.329125 58
0.512018 0.433322 58
0.61755 0.552914 58
0.733719 0.687473 58
0.86109 0.836613 58
1 1 58
0 0 59
0.0841818 0.0511068 59
0.165457 0.105198 59
0.245435 0.167105 59
0.327629 0.241155 59
0.415426 0.32982 59
0.511336 0.433936 59
0.616979 0.553412 59
0.733306 0.687828 59
0.860871 0.8368 59
1 1 59
0 0 60
0.0839814 0.0514209 60
0.165059 0.105749 60
0.244864 0.167786 60
0.326944 0.24187 60
0.41471 0.330503 60
0.510667 0.43454 60
0.61642 0.553902 60
0.732902 0.688176 60
0.860656 0.836984 60
1 1 60
0 0 61
0.0837833 0.0517292 61
0.164667 0.10629 61
0.244301 0.168455 61
0.326271 0.242572 61
0.414007 0.331174 61
0.51001 0.435133 61
0.615871 0.554383 61
0.732506 0.688519 61
0.860445 0.837165 61
1 1 61
0 0 62
0.0835873 0.0520317 62
0.164279 0.106821 62
0.243747 0.169111 62
0.325609 0.243262 62
0.413316 0.331833 62
0.509366 0.435716 62
0.615332 0.554856 62
0.732117 0.688855 62
0.860238 0.837342 62
1 1 62
0 0 63
0.0833936 0.0523287 63
0.163897 0.107343 63
0.243201 0.169755 63
0.324959 0.24394 63
0.412638 0.33248 63
0.508734 0.436289 63
0.614805 0.555321 63
0.731736 0.689186 63
0.860035 0.837517 63
1 1 63
0 0 64
0.083202 0.0526202 64
0.16352 0.107855 64
0.242664 0.170388 64
0.324319 0.244606 64
0.411973 0.333116 64
0.508114 0.436852 64
0.614287 0.555778 64
0.731362 0.689511 64
0.859837 0.837689 64
1 1 64
0 0 65
0.0830127 0.0529064 65
0.163148 0.108358 65
0.242135 0.171009 65
0.32369 0.24526 65
0.411319 0.333742 65
0.507505 0.437405 65
0.613779 0.556228 65
0.730995 0.689831 65
0.859642 0.837858 65
1 1 65
0 0 66
0.0828256 0.0531873 66
0.162781 0.108851 66
0.241614 0.17162 66
0.323072 0.245902 66
0.410677 0.334356 66
0.506908 0.437949 66
0.61328 0.556669 66
0.730636 0.690145 66
0.859451 0.838023 66
1 1 66
0 0 67
0.0826406 0.0534631 67
0.162419 0.109336 67
0.2411 0.172219 67
0.322464 0.246534 67
0.410046 0.33496 67
0.506322 0.438484 67
0.612791 0.557104 67
0.730283 0.690454 67
0.859263 0.838187 67
1 1 67
0 0 68
0.0824578 0.0537339 68
0.162061 0.109812 68
0.240595 0.172808 68
0.321866 0.247154 68
0.409426 0.335554 68
0.505746 0.43901 68
0.612311 0.557531 68
0.729937 0.690758 68
0.859079 0.838347 68
1 1 68
0 0 69
0.0822771 0.0539997 69
0.161709 0.110279 69
0.240098 0.173386 69
0.321279 0.247763 69
0.408818 0.336137 69
0.505181 0.439526 69
0.61184 0.55795 69
0.729597 0.691057 69
0.858899 0.838505 69
1 1 69
0 0 70
0.0820986 0.0542607 70
0.161361 0.110738 70
0.239608 0.173954 70
0.320701 0.248362 70
0.40822 0.336711 70
0.504626 0.440035 70
0.611378 0.558363 70
0.729264 0.69135 70
0.858722 0.83866 70
1 1 70
0 0 71
0.0819222 0.054517 71
0.161018 0.111189 71
0.239125 0.174512 71
0.320132 0.248951 71
0.407632 0.337275 71
0.504081 0.440534 71
0.610924 0.558769 71
0.728937 0.691639 71
0.858548 0.838812 71
1 1 71
0 0 72
0.0817479 0.0547687 72
0.160679 0.111632 72
0.23865 0.175061 72
0.319573 0.24953 72
0.407055 0.337829 72
0.503546 0.441026 72
0.610478 0.559168 72
0.728616 0.691923 72
0.858378 0.838962 72
1 1 72
0 0 73
0.0815758 0.0550159 73
0.160345 0.112066 73
0.238182 0.175599 73
0.319024 0.250098 73
0.406488 0.338374 73
0.503021 0.441509 73
0.610041 0.559561 73
0.728301 0.692203 73
0.85821 0.83911 73
1 1 73
0 0 74
0.0814057 0.0552586 74
0.160016 0.112493 74
0.237721 0.176128 74
0.318483 0.250657 74
0.405931 0.33891 74
0.502505 0.441984 74
0.609612 0.559947 74
0.727991 0.692478 74
0.858046 0.839255 74
1 1 74
0 0 75
0.0812377 0.0554969 75
0.159691 0.112913 75
0.237267 0.176648 75
0.317951 0.251206 75
0.405383 0.339436 75
0.501998 0.442451 75
0.60919 0.560327 75
0.727688 0.692748 75
0.857885 0.839398 75
1 1 75
0 0 76
0.0810718 0.055731 76
0.15937 0.113325 76
0.23682 0.177159 76
0.317428 0.251746 76
0.404845 0.339954 76
0.5015 0.442911 76
0.608776 0.560701 76
0.72739 0.693014 76
0.857727 0.839538 76
1 1 76
0 0 77
0.0809079 0.0559609 77
0.159054 0.113729 77
0.23638 0.177662 77
0.316914 0.252277 77
0.404316 0.340464 77
0.501011 0.443363 77
0.60837 0.561068 77
0.727097 0.693275 77
0.857571 0.839676 77
1 1 77
0 0 78
0.080746 0.0561867 78
0.158742 0.114127 78
0.235946 0.178155 78
0.316408 0.252799 78
0.403796 0.340965 78
0.500531 0.443807 78
0.60797 0.561429 78
0.72681 0.693533 78
0.857419 0.839812 78
1 1 78
0 0 79
0.0805862 0.0564084 79
0.158435 0.114518 79
0.23552 0.17864 79
0.31591 0.253312 79
0.403285 0.341457 79
0.500059 0.444244 79
0.607578 0.561785 79
0.726527 0.693786 79
0.857269 0.839946 79
1 1 79
0 0 80
0.0804284 0.0566263 80
0.158132 0.114901 80
0.235099 0.179117 80
0.31542 0.253816 80
0.402783 0.341942 80
0.499595 0.444675 80
0.607193 0.562135 80
0.72625 0.694035 80
0.857122 0.840077 80
1 1 80
0 0 81
0.0802725 0.0568403 81
0.157833 0.115278 81
0.234685 0.179585 81
0.314939 0.254312 81
0.40229 0.342418 81
0.49914 0.445098 81
0.606815 0.562479 81
0.725978 0.69428 81
0.856977 0.840207 81
1 1 81
0 0 82
0.0801187 0.0570505 82
0.157538 0.115649 82
0.234277 0.180045 82
0.314465 0.2548 82
0.401804 0.342887 82
0.498692 0.445514 82
0.606443 0.562817 82
0.725711 0.69452 82
0.856836 0.840334 82
1 1 82
0 0 83
0.0799667 0.0572569 83
0.157247 0.116013 83
0.233876 0.180498 83
0.313999 0.255279 83
0.401327 0.343348 83
0.498253 0.445923 83
0.606078 0.56315 83
0.725448 0.694758 83
0.856696 0.840459 83
1 1 83
0 0 84
0.0798168 0.0574598 84
0.15696 0.11637 84
0.23348 0.180942 84
0.31354 0.255751 84
0.400858 0.343801 84
0.497821 0.446326 84
0.60572 0.563478 84
0.72519 0.694991 84
0.856559 0.840582 84
1 1 84
0 0 85
0.0796687 0.057659 85
0.156677 0.116722 85
0.233091 0.18138 85
0.313089 0.256214 85
0.400397 0.344247 85
0.497396 0.446722 85
0.605368 0.5638 85
0.724937 0.69522 85
0.856425 0.840703 85
1 1 85
0 0 86
0.0795225 0.0578548 86
0.156398 0.117067 86
0.232707 0.181809 86
0.312645 0.25667 86
0.399944 0.344686 86
0.496979 0.447112 86
0.605021 0.564117 86
0.724688 0.695446 86
0.856293 0.840823 86
1 1 86
0 0 87
0.0793783 0.0580471 87
0.156123 0.117406 87
0.232329 0.182232 87
0.312209 0.257118 87
0.399498 0.345117 87
0.496568 0.447495 87
0.604681 0.564429 87
0.724444 0.695668 87
0.856163 0.84094 87
1 1 87
0 0 88
0.0792359 0.0582361 88
0.155852 0.11774 88
0.231957 0.182647 88
0.311779 0.257559 88
0.39906 0.345542 88
0.496165 0.447873 88
0.604347 0.564736 88
0.724203 0.695887 88
0.856036 0.841056 88
1 1 88
0 0 89
0.0790953 0.0584218 89
0.155585 0.118068 89
0.231591 0.183055 89
0.311356 0.257993 89
0.398629 0.345959 89
0.495769 0.448244 89
0.604019 0.565038 89
0.723967 0.696102 89
0.85591 0.841169 89
1 1 89
0 0 90
0.0789566 0.0586042 90
0.155321 0.11839 90
0.23123 0.183457 90
0.31094 0.258419 90
0.398206 0.34637 90
0.49538 0.448609 90
0.603696 0.565336 90
0.723735 0.696314 90
0.855787 0.841281 90
1 1 90
0 0 91
0.0788197 0.0587835 91
0.155061 0.118706 91
0.230875 0.183851 91
0.310531 0.258838 91
0.397789 0.346774 91
0.494997 0.448969 91
0.603379 0.565628 91
0.723507 0.696522 91
0.855667 0.841391 91
1 1 91
0 0 92
0.0786846 0.0589596 92
0.154805 0.119017 92
0.230525 0.184239 92
0.310129 0.259251 92
0.39738 0.347171 92
0.494621 0.449322 92
0.603067 0.565916 92
0.723283 0.696727 92
0.855548 0.841499 92
1 1 92
0 0 93
0.0785513 0.0591327 93
0.154552 0.119323 93
0.23018 0.184621 93
0.309732 0.259657 93
0.396977 0.347562 93
0.494251 0.44967 93
0.602761 0.5662 93
0.723063 0.696929 93
0.855431 0.841606 93
1 1 93
0 0 94
0.0784198 0.0593027 94
0.154303 0.119624 94
0.229841 0.184996 94
0.309343 0.260056 94
0.396581 0.347947 94
0.493887 0.450013 94
0.60246 0.566478 94
0.722847 0.697128 94
0.855316 0.841711 94
1 1 94
0 0 95
0.07829 0.0594699 95
0.154058 0.119919 95
0.229507 0.185365 95
0.308959 0.260448 95
0.396191 0.348326 95
0.493529 0.45035 95
0.602164 0.566753 95
0.722634 0.697323 95
0.855204 0.841814 95
1 1 95
0 0 96
0.0781619 0.0596341 96
0.153816 0.120209 96
0.229177 0.185727 96
0.308581 0.260834 96
0.395808 0.348698 96
0.493178 0.450681 96
0.601873 0.567023 96
0.722425 0.697515 96
0.855093 0.841916 96
1 1 96
0 0 97
0.0780355 0.0597955 97
0.153577 0.120495 97
0.228853 0.186084 97
0.30821 0.261214 97
0.395431 0.349065 97
0.492832 0.451008 97
0.601587 0.567288 97
0.72222 0.697705 97
0.854984 0.842016 97
1 1 97
0 0 98
0.0779108 0.0599541 98
0.153342 0.120775 98
0.228534 0.186435 98
0.307844 0.261587 98
0.39506 0.349425 98
0.492493 0.451329 98
0.601306 0.56755 98
0.722018 0.697891 98
0.854877 0.842114 98
1 1 98
0 0 99
0.0777878 0.06011 99
0.15311 0.121051 99
0.228219 0.186779 99
0.307485 0.261955 99
0.394696 0.34978 99
0.492158 0.451645 99
0.601029 0.567807 99
0.72182 0.698074 99
0.854772 0.842211 99
1 1 99
