0 0 0
0.000994033 2.89082e-05 0.00605088
0.00198806 5.78954e-05 0.0121018
0.00298209 8.70404e-05 0.0181527
0.00397611 0.000116422 0.0242036
0.00497013 0.000146117 0.0302545
0.00596413 0.000176203 0.0363054
0.00695812 0.000206757 0.0423563
0.00795211 0.000237853 0.0484073
0.00894607 0.000269565 0.0544582
0.00994002 0.000301964 0.060509
0.010934 0.000335122 0.0665598
0.0119279 0.000369108 0.0726106
0.0129218 0.000403988 0.0786612
0.0139156 0.000439827 0.0847116
0.0149095 0.000476688 0.0907618
0.0159033 0.000514632 0.0968118
0.0168971 0.000553717 0.102861
0.0178908 0.000593999 0.108911
0.0188846 0.000635532 0.114959
0.0198783 0.000678368 0.121007
0.0208719 0.000722555 0.127055
0.0218656 0.00076814 0.133102
0.0228592 0.000815167 0.139148
0.0238527 0.000863678 0.145192
0.0248463 0.000913712 0.151236
0.0258397 0.000965307 0.157279
0.0268332 0.0010185 0.16332
0.0278266 0.00107331 0.169359
0.0288199 0.00112979 0.175397
0.0298132 0.00118795 0.181433
0.0308065 0.00124783 0.187467
0.0317997 0.00130944 0.193498
0.0327929 0.00137281 0.199528
0.0337861 0.00143796 0.205554
0.0347791 0.00150492 0.211578
0.0357722 0.00157369 0.217599
0.0367651 0.00164429 0.223617
0.0377581 0.00171674 0.229631
0.038751 0.00179105 0.235642
0.0397438 0.00186723 0.241649
0.0407366 0.0019453 0.247651
0.0417293 0.00202526 0.25365
0.0427219 0.00210713 0.259643
0.0437145 0.0021909 0.265632
0.0447071 0.00227659 0.271616
0.0456996 0.0023642 0.277595
0.046692 0.00245375 0.283568
0.0476843 0.00254522 0.289536
0.0486766 0.00263863 0.295497
0.0496689 0.00273399 0.301452
0.0506611 0.00283129 0.307401
0.0516532 0.00293054 0.313342
0.0526452 0.00303173 0.319277
0.0536372 0.00313488 0.325204
0.0546291 0.00323998 0.331124
0.0556209 0.00334704 0.337036
0.0566127 0.00345605 0.342939
0.0576044 0.00356702 0.348835
0.058596 0.00367994 0.354721
0.0595875 0.00379483 0.360599
0.060579 0.00391167 0.366467
0.0615704 0.00403047 0.372326
0.0625617 0.00415123 0.378175
0.063553 0.00427394 0.384014
0.0645441 0.00439862 0.389843
0.0655352 0.00452525 0.39566
0.0665262 0.00465384 0.401468
0.0675171 0.00478439 0.407263
0.0685079 0.00491689 0.413048
0.0694986 0.00505135 0.41882
0.0704893 0.00518776 0.424581
0.0714798 0.00532613 0.430329
0.0724703 0.00546646 0.436065
0.0734606 0.00560874 0.441787
0.0744509 0.00575297 0.447497
0.0754411 0.00589915 0.453193
0.0764312 0.00604728 0.458875
0.0774211 0.00619737 0.464543
0.078411 0.0063494 0.470197
0.0794007 0.00650338 0.475836
0.0803904 0.00665931 0.481461
0.0813799 0.00681719 0.48707
0.0823694 0.00697701 0.492663
0.0833587 0.00713878 0.498241
0.0843479 0.00730249 0.503802
0.085337 0.00746814 0.509348
0.086326 0.00763574 0.514876
0.0873148 0.00780527 0.520388
0.0883036 0.00797675 0.525882
0.0892922 0.00815016 0.531359
0.0902806 0.00832551 0.536817
0.091269 0.00850279 0.542258
0.0922572 0.00868202 0.54768
0.0932453 0.00886317 0.553084
0.0942332 0.00904626 0.558468
0.095221 0.00923127 0.563833
0.0962087 0.00941822 0.569179
0.0971962 0.00960709 0.574504
0.0981836 0.00979789 0.57981
0.0991708 0.00999062 0.585094
0.100158 0.0101853 0.590358
0.101145 0.0103818 0.595601
0.102131 0.0105803 0.600823
0.103118 0.0107807 0.606022
0.104104 0.0109831 0.6112
0.105091 0.0111873 0.616356
0.106077 0.0113935 0.621488
0.107063 0.0116015 0.626598
0.108048 0.0118115 0.631685
0.109034 0.0120234 0.636748
0.110019 0.0122372 0.641788
0.111004 0.0124529 0.646803
0.111989 0.0126705 0.651794
0.112974 0.01289 0.65676
0.113959 0.0131114 0.661702
0.114943 0.0133347 0.666618
0.115927 0.0135599 0.671508
0.116911 0.013787 0.676373
0.117895 0.014016 0.681212
0.118878 0.0142469 0.686024
0.119861 0.0144796 0.690809
0.120844 0.0147142 0.695567
0.121827 0.0149507 0.700298
0.12281 0.0151891 0.705002
0.123792 0.0154294 0.709677
0.124774 0.0156715 0.714324
0.125756 0.0159155 0.718943
0.126737 0.0161614 0.723533
0.127718 0.0164091 0.728094
0.128699 0.0166587 0.732626
0.12968 0.0169102 0.737128
0.13066 0.0171635 0.7416
0.13164 0.0174187 0.746042
0.13262 0.0176757 0.750453
0.1336 0.0179345 0.754834
0.134579 0.0181952 0.759183
0.135557 0.0184577 0.763502
0.136536 0.0187221 0.767788
0.137514 0.0189883 0.772043
0.138492 0.0192563 0.776265
0.139469 0.0195261 0.780455
0.140446 0.0197978 0.784613
0.141423 0.0200713 0.788737
0.142399 0.0203465 0.792828
0.143375 0.0206236 0.796886
0.144351 0.0209025 0.800909
0.145326 0.0211832 0.804899
0.146301 0.0214657 0.808854
0.147275 0.02175 0.812775
0.148249 0.022036 0.81666
0.149222 0.0223238 0.820511
0.150195 0.0226134 0.824326
0.151168 0.0229048 0.828106
0.15214 0.0231979 0.831849
0.153111 0.0234928 0.835557
0.154082 0.0237895 0.839228
0.155053 0.0240879 0.842863
0.156023 0.024388 0.84646
0.156992 0.0246899 0.850021
0.157961 0.0249935 0.853544
0.15893 0.0252989 0.857029
0.159898 0.025606 0.860477
0.160865 0.0259148 0.863886
0.161832 0.0262253 0.867258
0.162798 0.0265375 0.870591
0.163764 0.0268514 0.873885
0.164729 0.027167 0.87714
0.165693 0.0274844 0.880356
0.166657 0.0278034 0.883533
0.16762 0.0281241 0.88667
0.168583 0.0284465 0.889768
0.169545 0.0287706 0.892826
0.170506 0.0290964 0.895844
0.171467 0.0294239 0.898821
0.172427 0.0297531 0.901758
0.173386 0.0300839 0.904655
0.174345 0.0304165 0.907511
0.175303 0.0307507 0.910326
0.176261 0.0310866 0.9131
0.177218 0.0314243 0.915833
0.178174 0.0317636 0.918525
0.17913 0.0321047 0.921176
0.180085 0.0324475 0.923785
0.181039 0.032792 0.926353
0.181993 0.0331384 0.928879
0.182947 0.0334865 0.931364
0.1839 0.0338364 0.933807
0.184853 0.0341881 0.936208
0.185805 0.0345418 0.938568
0.186758 0.0348973 0.940886
0.18771 0.0352548 0.943163
0.188662 0.0356142 0.945397
0.189613 0.0359758 0.947591
0.190566 0.0363394 0.949742
0.191518 0.0367052 0.951852
0.192471 0.0370733 0.953921
0.193424 0.0374438 0.955949
0.194378 0.0378167 0.957935
0.195333 0.0381921 0.95988
0.196289 0.0385703 0.961785
0.197247 0.0389512 0.963648
0.198207 0.0393352 0.965471
0.199168 0.0397223 0.967254
0.200133 0.0401128 0.968996
0.2011 0.0405068 0.970698
0.20207 0.0409047 0.97236
0.203045 0.0413066 0.973983
0.204024 0.0417129 0.975566
0.205008 0.0421238 0.977109
0.205998 0.0425398 0.978613
0.206994 0.0429612 0.980077
0.207998 0.0433884 0.981502
0.20901 0.0438219 0.982887
0.210032 0.0442621 0.984232
0.211064 0.0447097 0.985537
0.212108 0.0451651 0.986801
0.213164 0.0456291 0.988023
0.214235 0.0461021 0.989203
0.215321 0.046585 0.990339
0.216424 0.0470784 0.991429
0.217545 0.047583 0.992473
0.218687 0.0480995 0.993466
0.219849 0.0486286 0.994407
0.221035 0.049171 0.995292
0.222243 0.0497271 0.996117
0.223477 0.0502973 0.996878
0.224735 0.0508818 0.997569
0.226018 0.0514805 0.998186
0.227325 0.0520929 0.998722
0.228654 0.0527182 0.999171
0.230003 0.0533551 0.999528
0.231368 0.0540018 0.999788
0.232745 0.0546561 0.999946
0.234128 0.0553154 1
0.235513 0.0559769 0.999948
0.236893 0.056638 0.99979
0.238263 0.0572961 0.99953
0.23962 0.0579487 0.999169
0.240958 0.0585941 0.998713
0.242276 0.0592309 0.998167
0.243571 0.0598581 0.997537
0.244842 0.0604752 0.996827
0.246089 0.0610819 0.996044
0.247312 0.0616786 0.995191
0.248511 0.0622654 0.994274
0.249688 0.0628429 0.993295
0.250844 0.0634118 0.992259
0.25198 0.0639726 0.991168
0.253097 0.0645262 0.990025
0.254197 0.0650731 0.98883
0.255282 0.0656142 0.987585
0.256351 0.0661502 0.986293
0.257408 0.0666816 0.984953
0.258453 0.067209 0.983565
0.259487 0.0677332 0.982132
0.260511 0.0682545 0.980652
0.261526 0.0687736 0.979126
0.262534 0.0692908 0.977554
0.263534 0.0698066 0.975935
0.264528 0.0703214 0.97427
0.265517 0.0708355 0.972559
0.2665 0.0713492 0.9708
0.267479 0.0718628 0.968994
0.268455 0.0723766 0.967141
0.269427 0.0728908 0.96524
0.270396 0.0734057 0.96329
0.271362 0.0739214 0.961292
0.272327 0.074438 0.959245
0.273289 0.0749558 0.957148
0.27425 0.0754749 0.955002
0.27521 0.0759954 0.952806
0.276168 0.0765174 0.950559
0.277126 0.077041 0.948262
0.278082 0.0775663 0.945914
0.279039 0.0780933 0.943514
0.279994 0.0786222 0.941063
0.28095 0.079153 0.938561
0.281905 0.0796858 0.936006
0.28286 0.0802205 0.933399
0.283815 0.0807573 0.930739
0.28477 0.0812961 0.928027
0.285726 0.081837 0.925263
0.286681 0.0823801 0.922445
0.287637 0.0829253 0.919574
0.288593 0.0834727 0.91665
0.28955 0.0840223 0.913672
0.290506 0.084574 0.910641
0.291464 0.085128 0.907556
0.292421 0.0856842 0.904418
0.293379 0.0862427 0.901226
0.294338 0.0868034 0.89798
0.295297 0.0873663 0.89468
0.296256 0.0879315 0.891327
0.297216 0.0884989 0.887919
0.298176 0.0890686 0.884457
0.299137 0.0896405 0.880942
0.300098 0.0902147 0.877373
0.30106 0.0907911 0.873749
0.302023 0.0913697 0.870072
0.302985 0.0919507 0.866341
0.303949 0.0925338 0.862556
0.304912 0.0931192 0.858717
0.305877 0.0937069 0.854824
0.306841 0.0942968 0.850878
0.307807 0.0948889 0.846878
0.308772 0.0954832 0.842824
0.309738 0.0960798 0.838717
0.310705 0.0966786 0.834556
0.311672 0.0972796 0.830343
0.312639 0.0978828 0.826076
0.313607 0.0984883 0.821756
0.314575 0.0990959 0.817382
0.315544 0.0997057 0.812957
0.316513 0.100318 0.808478
0.317482 0.100932 0.803947
0.318452 0.101548 0.799363
0.319422 0.102167 0.794727
0.320393 0.102788 0.790038
0.321364 0.103411 0.785298
0.322335 0.104036 0.780506
0.323307 0.104663 0.775662
0.324278 0.105293 0.770767
0.325251 0.105924 0.76582
0.326223 0.106558 0.760823
0.327196 0.107194 0.755774
0.328169 0.107832 0.750675
0.329142 0.108472 0.745525
0.330116 0.109115 0.740324
0.33109 0.109759 0.735074
0.332064 0.110406 0.729773
0.333039 0.111054 0.724423
0.334013 0.111705 0.719023
0.334988 0.112358 0.713575
0.335964 0.113013 0.708077
0.336939 0.113671 0.70253
0.337915 0.11433 0.696935
0.338891 0.114991 0.691291
0.339867 0.115655 0.6856
0.340843 0.116321 0.679861
0.34182 0.116988 0.674074
0.342796 0.117658 0.66824
0.343773 0.11833 0.662359
0.34475 0.119004 0.656432
0.345727 0.11968 0.650458
0.346705 0.120358 0.644438
0.347682 0.121039 0.638372
0.34866 0.121721 0.632261
0.349638 0.122406 0.626105
0.350616 0.123092 0.619903
0.351594 0.123781 0.613657
0.352573 0.124471 0.607367
0.353551 0.125164 0.601033
0.35453 0.125859 0.594656
0.355509 0.126556 0.588235
0.356487 0.127255 0.581771
0.357466 0.127956 0.575264
0.358446 0.128659 0.568716
0.359425 0.129364 0.562125
0.360404 0.130071 0.555493
0.361383 0.13078 0.54882
0.362363 0.131491 0.542106
0.363343 0.132205 0.535351
0.364322 0.13292 0.528556
0.365302 0.133637 0.521722
0.366282 0.134357 0.514848
0.367262 0.135078 0.507936
0.368242 0.135802 0.500984
0.369222 0.136527 0.493995
0.370202 0.137255 0.486968
0.371182 0.137985 0.479903
0.372163 0.138716 0.472802
0.373143 0.13945 0.465664
0.374123 0.140186 0.45849
0.375104 0.140923 0.45128
0.376084 0.141663 0.444035
0.377065 0.142405 0.436756
0.378046 0.143149 0.429441
0.379026 0.143894 0.422093
0.380007 0.144642 0.414711
0.380987 0.145392 0.407296
0.381968 0.146144 0.399849
0.382949 0.146898 0.392369
0.38393 0.147654 0.384858
0.384911 0.148411 0.377315
0.385891 0.149171 0.369741
0.386872 0.149933 0.362137
0.387853 0.150697 0.354504
0.388834 0.151463 0.346841
0.389815 0.152231 0.339149
0.390796 0.153001 0.331428
0.391776 0.153773 0.32368
0.392757 0.154547 0.315904
0.393738 0.155323 0.308101
0.394719 0.156101 0.300272
0.3957 0.15688 0.292417
0.396681 0.157662 0.284536
0.397661 0.158446 0.276631
0.398642 0.159232 0.268701
0.399623 0.16002 0.260747
0.400604 0.16081 0.25277
0.401584 0.161602 0.24477
0.402565 0.162396 0.236747
0.403546 0.163191 0.228703
0.404526 0.163989 0.220638
0.405507 0.164789 0.212552
0.406487 0.165591 0.204446
0.407468 0.166394 0.19632
0.408448 0.1672 0.188175
0.409428 0.168008 0.180012
0.410409 0.168817 0.17183
0.411389 0.169629 0.163632
0.412369 0.170443 0.155416
0.413349 0.171258 0.147184
0.41433 0.172076 0.138937
0.41531 0.172895 0.130674
0.41629 0.173717 0.122397
0.417269 0.17454 0.114106
0.418249 0.175366 0.105802
0.419229 0.176193 0.0974847
0.420209 0.177022 0.0891554
0.421188 0.177854 0.0808144
0.422168 0.178687 0.0724623
0.423147 0.179522 0.0640999
0.424126 0.180359 0.0557277
0.425106 0.181198 0.0473463
0.426085 0.182039 0.0389562
0.427064 0.182882 0.0305582
0.428043 0.183727 0.0221527
0.429021 0.184574 0.0137406
0.43 0.185423 0.0053222
0.430979 0.186274 -0.00310168
0.431957 0.187127 -0.0115305
0.432936 0.187981 -0.0199636
0.433914 0.188838 -0.0284003
0.434892 0.189696 -0.0368401
0.43587 0.190557 -0.0452823
0.436848 0.191419 -0.0537263
0.437825 0.192284 -0.0621714
0.438803 0.19315 -0.070617
0.43978 0.194018 -0.0790624
0.440758 0.194888 -0.0875071
0.441735 0.19576 -0.0959503
0.442712 0.196634 -0.104392
0.443689 0.19751 -0.11283
0.444665 0.198388 -0.121265
0.445642 0.199268 -0.129696
0.446618 0.20015 -0.138123
0.447594 0.201033 -0.146544
0.44857 0.201919 -0.154959
0.449546 0.202806 -0.163367
0.450522 0.203695 -0.171768
0.451497 0.204587 -0.180161
0.452472 0.20548 -0.188546
0.453448 0.206375 -0.196921
0.454422 0.207272 -0.205286
0.455397 0.20817 -0.213641
0.456371 0.209071 -0.221985
0.457346 0.209974 -0.230316
0.45832 0.210878 -0.238635
0.459293 0.211785 -0.24694
0.460267 0.212693 -0.255232
0.46124 0.213603 -0.263509
0.462213 0.214515 -0.27177
0.463186 0.215429 -0.280016
0.464159 0.216345 -0.288245
0.465131 0.217262 -0.296456
0.466103 0.218182 -0.30465
0.467075 0.219103 -0.312824
0.468046 0.220026 -0.32098
0.469017 0.220951 -0.329115
0.469988 0.221878 -0.33723
0.470959 0.222807 -0.345323
0.471929 0.223738 -0.353394
0.472899 0.22467 -0.361443
0.473869 0.225605 -0.369468
0.474839 0.226541 -0.377468
0.475808 0.227479 -0.385444
0.476776 0.228419 -0.393395
0.477745 0.22936 -0.401319
0.478713 0.230304 -0.409217
0.47968 0.231249 -0.417087
0.480648 0.232196 -0.424929
0.481615 0.233145 -0.432741
0.482581 0.234096 -0.440525
0.483547 0.235049 -0.448278
0.484513 0.236003 -0.456
0.485479 0.236959 -0.463691
0.486444 0.237917 -0.471349
0.487408 0.238877 -0.478975
0.488372 0.239838 -0.486566
0.489336 0.240802 -0.494124
0.490299 0.241767 -0.501647
0.491262 0.242733 -0.509134
0.492224 0.243702 -0.516585
0.493186 0.244672 -0.523998
0.494147 0.245644 -0.531375
0.495108 0.246618 -0.538713
0.496068 0.247594 -0.546012
0.497028 0.248571 -0.553271
0.497987 0.24955 -0.560491
0.498945 0.250531 -0.567669
0.499903 0.251513 -0.574806
0.500861 0.252497 -0.581901
0.501818 0.253483 -0.588953
0.502774 0.254471 -0.595961
0.503729 0.25546 -0.602926
0.504684 0.256451 -0.609845
0.505639 0.257443 -0.61672
0.506592 0.258438 -0.623548
0.507545 0.259433 -0.63033
0.508497 0.260431 -0.637064
0.509449 0.26143 -0.643751
0.510399 0.262431 -0.650389
0.511349 0.263433 -0.656978
0.512299 0.264437 -0.663518
0.513247 0.265443 -0.670007
0.514195 0.26645 -0.676445
0.515141 0.267459 -0.682832
0.516087 0.268469 -0.689166
0.517032 0.269481 -0.695448
0.517976 0.270494 -0.701677
0.51892 0.271509 -0.707852
0.519862 0.272526 -0.713973
0.520803 0.273544 -0.720039
0.521744 0.274563 -0.726049
0.522683 0.275584 -0.732004
0.523621 0.276607 -0.737902
0.524559 0.277631 -0.743742
0.525495 0.278656 -0.749526
0.52643 0.279683 -0.755251
0.527364 0.280712 -0.760918
0.528297 0.281741 -0.766525
0.529229 0.282772 -0.772073
0.530159 0.283805 -0.777561
0.531089 0.284839 -0.782989
0.532017 0.285875 -0.788356
0.532944 0.286911 -0.793661
0.533869 0.287949 -0.798905
0.534794 0.288989 -0.804086
0.535717 0.29003 -0.809205
0.536639 0.291072 -0.814261
0.537559 0.292116 -0.819254
0.538478 0.293161 -0.824183
0.539396 0.294207 -0.829048
0.540312 0.295254 -0.833849
0.541227 0.296303 -0.838585
0.542141 0.297354 -0.843257
0.543053 0.298405 -0.847863
0.543964 0.299458 -0.852404
0.544874 0.300512 -0.85688
0.545782 0.301568 -0.86129
0.546689 0.302625 -0.865635
0.547595 0.303683 -0.869913
0.548499 0.304743 -0.874125
0.549402 0.305805 -0.878272
0.550305 0.306867 -0.882352
0.551206 0.307932 -0.886366
0.552106 0.308998 -0.890315
0.553005 0.310065 -0.894197
0.553904 0.311134 -0.898013
0.554802 0.312205 -0.901764
0.555699 0.313278 -0.905449
0.556596 0.314353 -0.909069
0.557493 0.31543 -0.912624
0.558391 0.316509 -0.916114
0.559288 0.31759 -0.91954
0.560187 0.318674 -0.922902
0.561086 0.319761 -0.926201
0.561987 0.32085 -0.929436
0.56289 0.321943 -0.932609
0.563796 0.323038 -0.93572
0.564704 0.324138 -0.93877
0.565615 0.325241 -0.941759
0.566531 0.326349 -0.944688
0.567453 0.327461 -0.947558
0.568379 0.328578 -0.950369
0.569313 0.329701 -0.953122
0.570255 0.330831 -0.955818
0.571206 0.331967 -0.958457
0.572167 0.33311 -0.96104
0.573141 0.334261 -0.963568
0.574128 0.335422 -0.96604
0.57513 0.336592 -0.968458
0.57615 0.337774 -0.970821
0.577191 0.338968 -0.97313
0.578253 0.340174 -0.975383
0.579342 0.341396 -0.97758
0.580458 0.342634 -0.97972
0.581607 0.343891 -0.981801
0.582792 0.345167 -0.98382
0.584018 0.346466 -0.985773
0.585289 0.347789 -0.987655
0.58661 0.349139 -0.98946
0.587986 0.350519 -0.99118
0.589424 0.351931 -0.992803
0.590929 0.353379 -0.994315
0.592506 0.354864 -0.995701
0.594157 0.356388 -0.996937
0.595884 0.357951 -0.998002
0.597683 0.359553 -0.998866
0.599546 0.361187 -0.999502
0.601455 0.362846 -0.999886
0.60339 0.364519 -0.999999
0.605324 0.366194 -0.999836
0.607231 0.367856 -0.999403
0.609091 0.369497 -0.998718
0.610889 0.371107 -0.997805
0.612615 0.372684 -0.996693
0.614266 0.374224 -0.995407
0.615844 0.37573 -0.993971
0.617352 0.377202 -0.992404
0.618795 0.378644 -0.990724
0.620178 0.380057 -0.988942
0.621507 0.381445 -0.98707
0.622786 0.382811 -0.985114
0.624021 0.384156 -0.983082
0.625217 0.385483 -0.980977
0.626378 0.386795 -0.978803
0.627506 0.388093 -0.976563
0.628607 0.389379 -0.974258
0.629682 0.390654 -0.97189
0.630735 0.391921 -0.969458
0.631769 0.39318 -0.966963
0.632784 0.394432 -0.964405
0.633784 0.395678 -0.961784
0.63477 0.396919 -0.9591
0.635744 0.398157 -0.956351
0.636708 0.399391 -0.953537
0.637662 0.400623 -0.950657
0.638607 0.401853 -0.947711
0.639545 0.403081 -0.944697
0.640477 0.404309 -0.941615
0.641404 0.405536 -0.938464
0.642325 0.406762 -0.935244
0.643243 0.407989 -0.931952
0.644157 0.409216 -0.92859
0.645069 0.410444 -0.925155
0.645977 0.411672 -0.921647
0.646884 0.412902 -0.918065
0.64779 0.414133 -0.91441
0.648694 0.415366 -0.910679
0.649597 0.4166 -0.906873
0.650499 0.417836 -0.902991
0.651401 0.419074 -0.899033
0.652303 0.420314 -0.894998
0.653204 0.421556 -0.890885
0.654106 0.4228 -0.886695
0.655008 0.424046 -0.882427
0.655911 0.425295 -0.878081
0.656814 0.426546 -0.873656
0.657717 0.427799 -0.869153
0.658621 0.429054 -0.86457
0.659526 0.430312 -0.859909
0.660432 0.431573 -0.855168
0.661339 0.432835 -0.850348
0.662246 0.434101 -0.845449
0.663155 0.435369 -0.840471
0.664064 0.436639 -0.835413
0.664974 0.437912 -0.830277
0.665886 0.439187 -0.82506
0.666798 0.440465 -0.819765
0.667712 0.441746 -0.814391
0.668626 0.443029 -0.808938
0.669541 0.444314 -0.803407
0.670458 0.445602 -0.797797
0.671375 0.446893 -0.792108
0.672294 0.448186 -0.786342
0.673213 0.449481 -0.780498
0.674134 0.450779 -0.774577
0.675055 0.45208 -0.768578
0.675978 0.453383 -0.762502
0.676901 0.454688 -0.75635
0.677825 0.455996 -0.750122
0.67875 0.457307 -0.743818
0.679676 0.458619 -0.737438
0.680603 0.459935 -0.730983
0.681531 0.461252 -0.724454
0.68246 0.462573 -0.717851
0.683389 0.463895 -0.711174
0.684319 0.46522 -0.704423
0.68525 0.466547 -0.6976
0.686182 0.467877 -0.690705
0.687114 0.469209 -0.683737
0.688048 0.470543 -0.676699
0.688981 0.47188 -0.66959
0.689916 0.473219 -0.66241
0.690851 0.474561 -0.655161
0.691787 0.475904 -0.647843
0.692724 0.477251 -0.640456
0.693661 0.478599 -0.633002
0.694598 0.479949 -0.62548
0.695537 0.481302 -0.617892
0.696475 0.482658 -0.610238
0.697415 0.484015 -0.602518
0.698355 0.485375 -0.594734
0.699295 0.486737 -0.586885
0.700236 0.488101 -0.578973
0.701177 0.489467 -0.570999
0.702119 0.490836 -0.562962
0.703061 0.492207 -0.554865
0.704003 0.49358 -0.546706
0.704946 0.494955 -0.538488
0.70589 0.496332 -0.530211
0.706833 0.497712 -0.521876
0.707778 0.499094 -0.513483
0.708722 0.500478 -0.505033
0.709667 0.501864 -0.496527
0.710612 0.503252 -0.487966
0.711557 0.504643 -0.47935
0.712503 0.506035 -0.470681
0.713449 0.50743 -0.461959
0.714395 0.508827 -0.453185
0.715342 0.510226 -0.44436
0.716288 0.511627 -0.435484
0.717235 0.51303 -0.426559
0.718182 0.514435 -0.417586
0.71913 0.515842 -0.408564
0.720077 0.517252 -0.399496
0.721025 0.518663 -0.390382
0.721973 0.520077 -0.381223
0.722921 0.521493 -0.372019
0.723869 0.522911 -0.362772
0.724817 0.52433 -0.353483
0.725765 0.525752 -0.344152
0.726714 0.527176 -0.334781
0.727663 0.528602 -0.32537
0.728611 0.53003 -0.315921
0.72956 0.53146 -0.306434
0.730509 0.532892 -0.29691
0.731458 0.534327 -0.28735
0.732407 0.535763 -0.277756
0.733356 0.537201 -0.268127
0.734305 0.538641 -0.258466
0.735254 0.540083 -0.248773
0.736203 0.541527 -0.23905
0.737152 0.542974 -0.229296
0.738101 0.544422 -0.219513
0.73905 0.545872 -0.209703
0.739999 0.547324 -0.199866
0.740948 0.548778 -0.190003
0.741896 0.550234 -0.180116
0.742845 0.551692 -0.170204
0.743794 0.553152 -0.16027
0.744743 0.554614 -0.150315
0.745691 0.556078 -0.140339
0.74664 0.557544 -0.130344
0.747588 0.559012 -0.12033
0.748536 0.560482 -0.110299
0.749484 0.561953 -0.100251
0.750432 0.563427 -0.0901887
0.75138 0.564902 -0.0801121
0.752328 0.56638 -0.0700225
0.753275 0.567859 -0.059921
0.754222 0.569341 -0.0498088
0.755169 0.570824 -0.0396868
0.756116 0.572309 -0.0295563
0.757063 0.573796 -0.0194184
0.75801 0.575285 -0.00927409
0.758956 0.576775 0.000875422
0.759902 0.578268 0.011029
0.760848 0.579762 0.0211856
0.761793 0.581259 0.031344
0.762738 0.582757 0.0415032
0.763683 0.584257 0.0516619
0.764628 0.585759 0.061819
0.765572 0.587263 0.0719734
0.766516 0.588768 0.082124
0.76746 0.590276 0.0922696
0.768403 0.591785 0.102409
0.769346 0.593296 0.112541
0.770289 0.594809 0.122665
0.771231 0.596324 0.132779
0.772173 0.59784 0.142882
0.773114 0.599359 0.152974
0.774055 0.600879 0.163052
0.774996 0.602401 0.173116
0.775936 0.603924 0.183165
0.776876 0.60545 0.193197
0.777815 0.606977 0.203211
0.778754 0.608506 0.213207
0.779692 0.610037 0.223183
0.78063 0.611569 0.233137
0.781567 0.613103 0.243069
0.782504 0.614639 0.252977
0.78344 0.616177 0.262861
0.784376 0.617716 0.272719
0.785311 0.619257 0.28255
0.786245 0.6208 0.292353
0.787179 0.622345 0.302126
0.788112 0.623891 0.311869
0.789045 0.625438 0.32158
0.789977 0.626988 0.331259
0.790908 0.628539 0.340904
0.791838 0.630092 0.350513
0.792768 0.631646 0.360086
0.793697 0.633202 0.369622
0.794625 0.63476 0.37912
0.795553 0.636319 0.388577
0.796479 0.63788 0.397994
0.797405 0.639442 0.407369
0.79833 0.641006 0.416701
0.799254 0.642572 0.425989
0.800177 0.644139 0.435232
0.8011 0.645708 0.444428
0.802021 0.647278 0.453577
0.802942 0.648849 0.462677
0.803861 0.650423 0.471727
0.804779 0.651997 0.480727
0.805697 0.653573 0.489674
0.806613 0.655151 0.498569
0.807529 0.65673 0.50741
0.808443 0.658311 0.516196
0.809356 0.659893 0.524925
0.810268 0.661476 0.533598
0.811178 0.663061 0.542212
0.812088 0.664647 0.550767
0.812996 0.666234 0.559261
0.813903 0.667823 0.567695
0.814809 0.669414 0.576066
0.815713 0.671005 0.584374
0.816616 0.672598 0.592618
0.817518 0.674192 0.600796
0.818418 0.675788 0.608909
0.819316 0.677384 0.616954
0.820214 0.678982 0.624931
0.821109 0.680582 0.63284
0.822003 0.682182 0.640678
0.822896 0.683784 0.648446
0.823787 0.685386 0.656143
0.824676 0.686991 0.663767
0.825564 0.688596 0.671318
0.82645 0.690202 0.678795
0.827334 0.69181 0.686197
0.828217 0.693418 0.693524
0.829097 0.695028 0.700774
0.829976 0.696639 0.707948
0.830853 0.698251 0.715044
0.831729 0.699864 0.722062
0.832602 0.701478 0.729
0.833474 0.703093 0.73586
0.834343 0.704709 0.742639
0.835211 0.706327 0.749337
0.836077 0.707945 0.755955
0.836941 0.709565 0.762491
0.837803 0.711185 0.768944
0.838663 0.712807 0.775316
0.839521 0.71443 0.781604
0.840378 0.716054 0.787809
0.841233 0.717679 0.793931
0.842086 0.719305 0.79997
0.842937 0.720933 0.805924
0.843787 0.722561 0.811795
0.844635 0.724191 0.817581
0.845481 0.725823 0.823284
0.846327 0.727455 0.828902
0.847171 0.72909 0.834436
0.848014 0.730725 0.839887
0.848856 0.732363 0.845253
0.849697 0.734002 0.850536
0.850538 0.735643 0.855736
0.851379 0.737286 0.860854
0.852219 0.738931 0.865888
0.85306 0.740578 0.870841
0.853902 0.742228 0.875713
0.854745 0.74388 0.880504
0.855589 0.745536 0.885215
0.856435 0.747194 0.889847
0.857284 0.748856 0.8944
0.858136 0.750522 0.898875
0.858992 0.752192 0.903274
0.859852 0.753866 0.907598
0.860718 0.755545 0.911846
0.86159 0.75723 0.916022
0.86247 0.758921 0.920124
0.863359 0.760618 0.924156
0.864257 0.762322 0.928117
0.865167 0.764034 0.93201
0.86609 0.765755 0.935835
0.867028 0.767485 0.939593
0.867983 0.769227 0.943285
0.868957 0.77098 0.946913
0.869952 0.772745 0.950476
0.870973 0.774526 0.953977
0.872021 0.776322 0.957414
0.873101 0.778137 0.960788
0.874216 0.779971 0.964098
0.875372 0.781828 0.967344
0.876574 0.78371 0.970522
0.877828 0.785619 0.973631
0.879141 0.787561 0.976666
0.880522 0.789538 0.97962
0.881979 0.791555 0.982484
0.883525 0.793618 0.985248
0.88517 0.795733 0.987894
0.886931 0.797907 0.9904
0.88882 0.800147 0.992735
0.890855 0.802462 0.994857
0.893046 0.804856 0.99671
0.895399 0.807332 0.998225
0.897901 0.809884 0.999318
0.900513 0.812493 0.99991
0.903171 0.815126 0.999946
0.905797 0.817744 0.999421
0.908322 0.820313 0.998382
0.910704 0.822812 0.996906
0.912927 0.825232 0.995076
0.914993 0.827576 0.992963
0.916914 0.829849 0.990624
0.918704 0.832057 0.988102
0.920378 0.83421 0.98543
0.92195 0.836313 0.98263
0.923434 0.838374 0.979719
0.924839 0.840398 0.97671
0.926176 0.842389 0.973611
0.927453 0.844352 0.970429
0.928678 0.846291 0.967168
0.929855 0.848209 0.963831
0.930991 0.850107 0.96042
0.932091 0.85199 0.956937
0.933159 0.853859 0.953381
0.934197 0.855715 0.949753
0.935211 0.857561 0.946053
0.936201 0.859398 0.94228
0.937172 0.861227 0.938433
0.938125 0.863049 0.934511
0.939062 0.864865 0.930513
0.939985 0.866676 0.926438
0.940896 0.868484 0.922285
0.941795 0.870288 0.918053
0.942685 0.872089 0.91374
0.943567 0.873889 0.909346
0.944441 0.875686 0.904869
0.945309 0.877483 0.900309
0.94617 0.879279 0.895663
0.947027 0.881074 0.890932
0.94788 0.882869 0.886114
0.948729 0.884665 0.881208
0.949574 0.886461 0.876215
0.950417 0.888258 0.871132
0.951258 0.890055 0.86596
0.952096 0.891854 0.860697
0.952933 0.893654 0.855344
0.953769 0.895455 0.8499
0.954604 0.897258 0.844365
0.955438 0.899063 0.838739
0.956271 0.900869 0.83302
0.957104 0.902676 0.82721
0.957937 0.904486 0.821308
0.958769 0.906297 0.815315
0.959601 0.90811 0.80923
0.960433 0.909925 0.803054
0.961265 0.911742 0.796787
0.962098 0.913561 0.79043
0.96293 0.915382 0.783982
0.963762 0.917204 0.777445
0.964595 0.919028 0.770819
0.965427 0.920854 0.764105
0.96626 0.922682 0.757303
0.967092 0.924512 0.750415
0.967925 0.926343 0.743441
0.968757 0.928176 0.736382
0.969589 0.930011 0.72924
0.970421 0.931847 0.722015
0.971253 0.933684 0.714708
0.972085 0.935523 0.707321
0.972916 0.937363 0.699856
0.973746 0.939204 0.692312
0.974576 0.941047 0.684693
0.975405 0.942891 0.676999
0.976233 0.944735 0.669232
0.97706 0.946581 0.661393
0.977886 0.948427 0.653484
0.978711 0.950274 0.645508
0.979535 0.952122 0.637465
0.980357 0.95397 0.629358
0.981177 0.955819 0.621188
0.981996 0.957668 0.612957
0.982813 0.959517 0.604668
0.983628 0.961366 0.596322
0.984441 0.963215 0.587922
0.985251 0.965064 0.579469
0.986059 0.966913 0.570967
0.986865 0.968761 0.562416
0.987668 0.970609 0.55382
0.988467 0.972456 0.545181
0.989264 0.974303 0.536501
0.990057 0.976149 0.527782
0.990847 0.977993 0.519028
0.991634 0.979837 0.51024
0.992417 0.981679 0.501422
0.993195 0.98352 0.492575
0.99397 0.985359 0.483702
0.994741 0.987197 0.474806
0.995507 0.989032 0.46589
0.996268 0.990866 0.456957
0.997025 0.992698 0.448008
0.997777 0.994527 0.439047
0.998523 0.996354 0.430077
0.999264 0.998178 0.421099
1 1 0.412118
